$ 1 0.000005 222.68277840103303 46 5 43 5e-11
s 1072 -112 1136 -112 0 1 false
v 1136 48 1136 -112 0 0 40 5 0 0 0.5
r 960 -112 960 48 0 1000
c 1056 -112 1056 48 4 0.00001 0.0009996975230472714 0.001 0.1
162 1056 -112 960 -112 2 default-led 1 0 0 0.01
w 1072 -112 1056 -112 0
c 400 304 400 432 4 0.000009999999999999999 8.999999999999998 0.001 0.1
r 272 304 272 464 0 500
r -16 288 -16 448 0 1000
c 96 288 96 448 4 0.000001 8.999999999999998 0.001 0.1
162 96 288 -16 288 2 default-led 1 0 0 0.01
w 1040 -144 1008 -144 0
w 304 464 272 464 0
w 160 448 112 448 0
w 1104 -144 1040 -144 0
w 1120 -144 1104 -144 0
w 960 48 1056 48 0
w 1056 48 1136 48 0
w 912 -256 736 -240 0
w 1184 -320 1136 -112 0
w 1120 -144 1088 -128 0
w 1088 -128 896 -128 0
w 896 -128 896 80 0
w 896 80 1136 48 0
v 176 448 176 288 0 0 40 9 0 0 0.5
w 176 448 160 448 0
s 112 288 176 288 0 0 false
w 96 288 112 288 0
w 112 448 96 448 0
w 96 448 -16 448 0
w 400 464 400 512 0
w 400 512 176 512 0
w 304 304 272 304 0
w 304 464 400 464 0
r -656 576 -656 720 0 300
c -656 720 -656 880 4 0.00009999999999999999 3.6306495964245507 0.001 0.1
162 -656 720 -512 720 2 default-led 1 0 0 0.01
w -656 880 -752 880 0
w -752 880 -640 384 0
r -512 720 -400 720 0 100
w -400 720 -640 384 0
v -640 384 -640 512 0 0 40 9 0 0 0.5
s -640 512 -656 576 0 0 false
w 176 448 176 512 0
w 400 304 400 256 0
w 400 256 96 256 0
162 400 304 304 304 2 default-led 1 1 0 0.01
w 96 256 96 288 0
w 400 432 400 464 0
w 688 448 688 480 0
162 688 320 592 320 2 default-led 0 1 0 0.01
w 688 320 704 272 0
w 592 480 688 480 0
w 592 320 560 320 0
w 688 528 400 512 0
w 688 480 688 528 0
w 592 480 560 480 0
r 560 320 560 480 0 100
c 688 320 688 448 4 0.001 9.000000000000005 0.001 0.1
w 704 272 400 256 0
